5.999999999997779554e+00 1.666666666658566109e-01 1.666666666662632856e-01 1.666666666663667029e-01 1.666666666661199836e-01 0.000000000000000000e+00 0.000000000000000000e+00 0.000000000000000000e+00 0.000000000000000000e+00 0.000000000000000000e+00 0.000000000000000000e+00 0.000000000000000000e+00 0.000000000000000000e+00 -6.666666666664267105e-01 -1.333333333333466486e+00 -1.333333333333466708e+00 1.160127549582057327e-12 -6.666666666662666163e-01 8.933409567646322103e-13 -6.666666666667465657e-01 -1.333333333333519777e+00 -1.333333333332880510e+00 2.666755705149626010e-13 -6.666666666669069929e-01 3.199107645457388571e-13
1.666666666658566109e-01 1.999999999999999778e+00 0.000000000000000000e+00 0.000000000000000000e+00 0.000000000000000000e+00 1.850372019570763980e-17 -1.160127549579715533e-12 0.000000000000000000e+00 0.000000000000000000e+00 0.000000000000000000e+00 0.000000000000000000e+00 0.000000000000000000e+00 0.000000000000000000e+00 -6.666666666669333052e-01 -6.666666666645865158e-01 0.000000000000000000e+00 -6.666666666618265014e-01 0.000000000000000000e+00 0.000000000000000000e+00 0.000000000000000000e+00 0.000000000000000000e+00 0.000000000000000000e+00 0.000000000000000000e+00 0.000000000000000000e+00 0.000000000000000000e+00
1.666666666662632856e-01 0.000000000000000000e+00 2.000000000000000000e+00 0.000000000000000000e+00 0.000000000000000000e+00 0.000000000000000000e+00 0.000000000000000000e+00 0.000000000000000000e+00 0.000000000000000000e+00 -3.331964334073375183e-13 -5.601075159237766912e-13 0.000000000000000000e+00 0.000000000000000000e+00 0.000000000000000000e+00 0.000000000000000000e+00 0.000000000000000000e+00 0.000000000000000000e+00 -6.666666666662400820e-01 -6.666666666627599769e-01 0.000000000000000000e+00 -6.666666666659466500e-01 0.000000000000000000e+00 0.000000000000000000e+00 0.000000000000000000e+00 0.000000000000000000e+00
1.666666666663667029e-01 0.000000000000000000e+00 0.000000000000000000e+00 2.000000000000000000e+00 0.000000000000000000e+00 0.000000000000000000e+00 0.000000000000000000e+00 0.000000000000000000e+00 0.000000000000000000e+00 0.000000000000000000e+00 0.000000000000000000e+00 -6.666666666701599464e-01 2.599957286501204664e-12 0.000000000000000000e+00 0.000000000000000000e+00 0.000000000000000000e+00 0.000000000000000000e+00 0.000000000000000000e+00 0.000000000000000000e+00 0.000000000000000000e+00 0.000000000000000000e+00 -6.666666666657866669e-01 0.000000000000000000e+00 -6.666666666663997320e-01 -2.600160827387938123e-12
1.666666666661199836e-01 0.000000000000000000e+00 0.000000000000000000e+00 0.000000000000000000e+00 2.000000000000000000e+00 0.000000000000000000e+00 0.000000000000000000e+00 -6.666666666718131795e-01 3.320029436555344816e-12 0.000000000000000000e+00 0.000000000000000000e+00 0.000000000000000000e+00 0.000000000000000000e+00 0.000000000000000000e+00 0.000000000000000000e+00 -6.666666666647466100e-01 0.000000000000000000e+00 0.000000000000000000e+00 0.000000000000000000e+00 -6.666666666667733221e-01 0.000000000000000000e+00 0.000000000000000000e+00 -3.320158962575935895e-12 0.000000000000000000e+00 0.000000000000000000e+00
0.000000000000000000e+00 1.850372019570763980e-17 0.000000000000000000e+00 0.000000000000000000e+00 0.000000000000000000e+00 5.333333333333333037e+00 -1.333333333344319804e+00 0.000000000000000000e+00 0.000000000000000000e+00 0.000000000000000000e+00 0.000000000000000000e+00 0.000000000000000000e+00 0.000000000000000000e+00 0.000000000000000000e+00 0.000000000000000000e+00 0.000000000000000000e+00 -1.333333333322346270e+00 0.000000000000000000e+00 0.000000000000000000e+00 0.000000000000000000e+00 0.000000000000000000e+00 0.000000000000000000e+00 0.000000000000000000e+00 0.000000000000000000e+00 0.000000000000000000e+00
0.000000000000000000e+00 -1.160127549579715533e-12 0.000000000000000000e+00 0.000000000000000000e+00 0.000000000000000000e+00 -1.333333333344319804e+00 5.333333333340187110e+00 0.000000000000000000e+00 0.000000000000000000e+00 0.000000000000000000e+00 0.000000000000000000e+00 0.000000000000000000e+00 0.000000000000000000e+00 -1.333333333329173254e+00 -1.333333333332852977e+00 0.000000000000000000e+00 0.000000000000000000e+00 0.000000000000000000e+00 0.000000000000000000e+00 0.000000000000000000e+00 0.000000000000000000e+00 0.000000000000000000e+00 0.000000000000000000e+00 0.000000000000000000e+00 0.000000000000000000e+00
0.000000000000000000e+00 0.000000000000000000e+00 0.000000000000000000e+00 0.000000000000000000e+00 -6.666666666718131795e-01 0.000000000000000000e+00 0.000000000000000000e+00 5.333333333334639548e+00 -1.333333333339999704e+00 0.000000000000000000e+00 0.000000000000000000e+00 0.000000000000000000e+00 0.000000000000000000e+00 0.000000000000000000e+00 0.000000000000000000e+00 0.000000000000000000e+00 0.000000000000000000e+00 0.000000000000000000e+00 0.000000000000000000e+00 0.000000000000000000e+00 0.000000000000000000e+00 0.000000000000000000e+00 -1.333333333326666814e+00 0.000000000000000000e+00 0.000000000000000000e+00
0.000000000000000000e+00 0.000000000000000000e+00 0.000000000000000000e+00 0.000000000000000000e+00 3.320029436555344816e-12 0.000000000000000000e+00 0.000000000000000000e+00 -1.333333333339999704e+00 5.333333333339972171e+00 0.000000000000000000e+00 0.000000000000000000e+00 0.000000000000000000e+00 0.000000000000000000e+00 0.000000000000000000e+00 0.000000000000000000e+00 -1.333333333333492909e+00 0.000000000000000000e+00 0.000000000000000000e+00 0.000000000000000000e+00 -1.333333333329493442e+00 0.000000000000000000e+00 0.000000000000000000e+00 0.000000000000000000e+00 0.000000000000000000e+00 0.000000000000000000e+00
0.000000000000000000e+00 0.000000000000000000e+00 -3.331964334073375183e-13 0.000000000000000000e+00 0.000000000000000000e+00 0.000000000000000000e+00 0.000000000000000000e+00 0.000000000000000000e+00 0.000000000000000000e+00 5.333333333332667792e+00 -1.333333333341653715e+00 0.000000000000000000e+00 0.000000000000000000e+00 0.000000000000000000e+00 0.000000000000000000e+00 0.000000000000000000e+00 0.000000000000000000e+00 0.000000000000000000e+00 -1.333333333323679870e+00 0.000000000000000000e+00 0.000000000000000000e+00 0.000000000000000000e+00 0.000000000000000000e+00 0.000000000000000000e+00 0.000000000000000000e+00
0.000000000000000000e+00 0.000000000000000000e+00 -5.601075159237766912e-13 0.000000000000000000e+00 0.000000000000000000e+00 0.000000000000000000e+00 0.000000000000000000e+00 0.000000000000000000e+00 0.000000000000000000e+00 -1.333333333341653715e+00 5.333333333339387750e+00 0.000000000000000000e+00 0.000000000000000000e+00 0.000000000000000000e+00 0.000000000000000000e+00 0.000000000000000000e+00 0.000000000000000000e+00 -1.333333333331893078e+00 0.000000000000000000e+00 0.000000000000000000e+00 -1.333333333332533455e+00 0.000000000000000000e+00 0.000000000000000000e+00 0.000000000000000000e+00 0.000000000000000000e+00
0.000000000000000000e+00 0.000000000000000000e+00 0.000000000000000000e+00 -6.666666666701599464e-01 0.000000000000000000e+00 0.000000000000000000e+00 0.000000000000000000e+00 0.000000000000000000e+00 0.000000000000000000e+00 0.000000000000000000e+00 0.000000000000000000e+00 5.333333333333333925e+00 -1.333333333338026394e+00 0.000000000000000000e+00 0.000000000000000000e+00 0.000000000000000000e+00 0.000000000000000000e+00 0.000000000000000000e+00 0.000000000000000000e+00 0.000000000000000000e+00 0.000000000000000000e+00 0.000000000000000000e+00 0.000000000000000000e+00 0.000000000000000000e+00 -1.333333333328640125e+00
0.000000000000000000e+00 0.000000000000000000e+00 0.000000000000000000e+00 2.599957286501204664e-12 0.000000000000000000e+00 0.000000000000000000e+00 0.000000000000000000e+00 0.000000000000000000e+00 0.000000000000000000e+00 0.000000000000000000e+00 0.000000000000000000e+00 -1.333333333338026394e+00 5.333333333338533322e+00 0.000000000000000000e+00 0.000000000000000000e+00 0.000000000000000000e+00 0.000000000000000000e+00 0.000000000000000000e+00 0.000000000000000000e+00 0.000000000000000000e+00 0.000000000000000000e+00 -1.333333333333813542e+00 0.000000000000000000e+00 -1.333333333331573556e+00 0.000000000000000000e+00
-6.666666666664267105e-01 -6.666666666669333052e-01 0.000000000000000000e+00 0.000000000000000000e+00 0.000000000000000000e+00 0.000000000000000000e+00 -1.333333333329173254e+00 0.000000000000000000e+00 0.000000000000000000e+00 0.000000000000000000e+00 0.000000000000000000e+00 0.000000000000000000e+00 0.000000000000000000e+00 5.333333333333333037e+00 -2.320255099164114654e-12 2.320366121466577169e-12 -1.333333333337439974e+00 0.000000000000000000e+00 0.000000000000000000e+00 0.000000000000000000e+00 0.000000000000000000e+00 0.000000000000000000e+00 0.000000000000000000e+00 0.000000000000000000e+00 0.000000000000000000e+00
-1.333333333333466486e+00 -6.666666666645865158e-01 0.000000000000000000e+00 0.000000000000000000e+00 0.000000000000000000e+00 0.000000000000000000e+00 -1.333333333332852977e+00 0.000000000000000000e+00 0.000000000000000000e+00 0.000000000000000000e+00 0.000000000000000000e+00 0.000000000000000000e+00 0.000000000000000000e+00 -2.320255099164114654e-12 5.333333333332800130e+00 0.000000000000000000e+00 0.000000000000000000e+00 1.786570891226801905e-12 -1.333333333332479942e+00 0.000000000000000000e+00 0.000000000000000000e+00 0.000000000000000000e+00 0.000000000000000000e+00 0.000000000000000000e+00 0.000000000000000000e+00
-1.333333333333466708e+00 0.000000000000000000e+00 0.000000000000000000e+00 0.000000000000000000e+00 -6.666666666647466100e-01 0.000000000000000000e+00 0.000000000000000000e+00 0.000000000000000000e+00 -1.333333333333492909e+00 0.000000000000000000e+00 0.000000000000000000e+00 0.000000000000000000e+00 0.000000000000000000e+00 2.320366121466577169e-12 0.000000000000000000e+00 5.333333333333812654e+00 -1.333333333333866833e+00 0.000000000000000000e+00 0.000000000000000000e+00 -1.839972618711271934e-12 0.000000000000000000e+00 0.000000000000000000e+00 0.000000000000000000e+00 0.000000000000000000e+00 0.000000000000000000e+00
1.160127549582057327e-12 -6.666666666618265014e-01 0.000000000000000000e+00 0.000000000000000000e+00 0.000000000000000000e+00 -1.333333333322346270e+00 0.000000000000000000e+00 0.000000000000000000e+00 0.000000000000000000e+00 0.000000000000000000e+00 0.000000000000000000e+00 0.000000000000000000e+00 0.000000000000000000e+00 -1.333333333337439974e+00 0.000000000000000000e+00 -1.333333333333866833e+00 5.333333333326478964e+00 0.000000000000000000e+00 0.000000000000000000e+00 0.000000000000000000e+00 0.000000000000000000e+00 0.000000000000000000e+00 0.000000000000000000e+00 0.000000000000000000e+00 0.000000000000000000e+00
-6.666666666662666163e-01 0.000000000000000000e+00 -6.666666666662400820e-01 0.000000000000000000e+00 0.000000000000000000e+00 0.000000000000000000e+00 0.000000000000000000e+00 0.000000000000000000e+00 0.000000000000000000e+00 0.000000000000000000e+00 -1.333333333331893078e+00 0.000000000000000000e+00 0.000000000000000000e+00 0.000000000000000000e+00 1.786570891226801905e-12 0.000000000000000000e+00 0.000000000000000000e+00 5.333333333334000059e+00 -1.333333333337760163e+00 0.000000000000000000e+00 -1.120215031846782949e-12 0.000000000000000000e+00 0.000000000000000000e+00 0.000000000000000000e+00 0.000000000000000000e+00
8.933409567646322103e-13 0.000000000000000000e+00 -6.666666666627599769e-01 0.000000000000000000e+00 0.000000000000000000e+00 0.000000000000000000e+00 0.000000000000000000e+00 0.000000000000000000e+00 0.000000000000000000e+00 -1.333333333323679870e+00 0.000000000000000000e+00 0.000000000000000000e+00 0.000000000000000000e+00 0.000000000000000000e+00 -1.333333333332479942e+00 0.000000000000000000e+00 0.000000000000000000e+00 -1.333333333337760163e+00 5.333333333327280101e+00 0.000000000000000000e+00 0.000000000000000000e+00 0.000000000000000000e+00 0.000000000000000000e+00 0.000000000000000000e+00 0.000000000000000000e+00
-6.666666666667465657e-01 0.000000000000000000e+00 0.000000000000000000e+00 0.000000000000000000e+00 -6.666666666667733221e-01 0.000000000000000000e+00 0.000000000000000000e+00 0.000000000000000000e+00 -1.333333333329493442e+00 0.000000000000000000e+00 0.000000000000000000e+00 0.000000000000000000e+00 0.000000000000000000e+00 0.000000000000000000e+00 0.000000000000000000e+00 -1.839972618711271934e-12 0.000000000000000000e+00 0.000000000000000000e+00 0.000000000000000000e+00 5.333333333332026527e+00 0.000000000000000000e+00 5.335731856348502333e-13 -1.333333333334187465e+00 0.000000000000000000e+00 0.000000000000000000e+00
-1.333333333333519777e+00 0.000000000000000000e+00 -6.666666666659466500e-01 0.000000000000000000e+00 0.000000000000000000e+00 0.000000000000000000e+00 0.000000000000000000e+00 0.000000000000000000e+00 0.000000000000000000e+00 0.000000000000000000e+00 -1.333333333332533455e+00 0.000000000000000000e+00 0.000000000000000000e+00 0.000000000000000000e+00 0.000000000000000000e+00 0.000000000000000000e+00 0.000000000000000000e+00 -1.120215031846782949e-12 0.000000000000000000e+00 0.000000000000000000e+00 5.333333333332853421e+00 0.000000000000000000e+00 0.000000000000000000e+00 6.397105067890151986e-13 -1.333333333332799464e+00
-1.333333333332880510e+00 0.000000000000000000e+00 0.000000000000000000e+00 -6.666666666657866669e-01 0.000000000000000000e+00 0.000000000000000000e+00 0.000000000000000000e+00 0.000000000000000000e+00 0.000000000000000000e+00 0.000000000000000000e+00 0.000000000000000000e+00 0.000000000000000000e+00 -1.333333333333813542e+00 0.000000000000000000e+00 0.000000000000000000e+00 0.000000000000000000e+00 0.000000000000000000e+00 0.000000000000000000e+00 0.000000000000000000e+00 5.335731856348502333e-13 0.000000000000000000e+00 5.333333333333227344e+00 -1.333333333333546644e+00 -6.400435736964027456e-13 0.000000000000000000e+00
2.666755705149626010e-13 0.000000000000000000e+00 0.000000000000000000e+00 0.000000000000000000e+00 -3.320158962575935895e-12 0.000000000000000000e+00 0.000000000000000000e+00 -1.333333333326666814e+00 0.000000000000000000e+00 0.000000000000000000e+00 0.000000000000000000e+00 0.000000000000000000e+00 0.000000000000000000e+00 0.000000000000000000e+00 0.000000000000000000e+00 0.000000000000000000e+00 0.000000000000000000e+00 0.000000000000000000e+00 0.000000000000000000e+00 -1.333333333334187465e+00 0.000000000000000000e+00 -1.333333333333546644e+00 5.333333333326693904e+00 0.000000000000000000e+00 0.000000000000000000e+00
-6.666666666669069929e-01 0.000000000000000000e+00 0.000000000000000000e+00 -6.666666666663997320e-01 0.000000000000000000e+00 0.000000000000000000e+00 0.000000000000000000e+00 0.000000000000000000e+00 0.000000000000000000e+00 0.000000000000000000e+00 0.000000000000000000e+00 0.000000000000000000e+00 -1.333333333331573556e+00 0.000000000000000000e+00 0.000000000000000000e+00 0.000000000000000000e+00 0.000000000000000000e+00 0.000000000000000000e+00 0.000000000000000000e+00 0.000000000000000000e+00 6.397105067890151986e-13 -6.400435736964027456e-13 0.000000000000000000e+00 5.333333333333333925e+00 -1.333333333335146476e+00
3.199107645457388571e-13 0.000000000000000000e+00 0.000000000000000000e+00 -2.600160827387938123e-12 0.000000000000000000e+00 0.000000000000000000e+00 0.000000000000000000e+00 0.000000000000000000e+00 0.000000000000000000e+00 0.000000000000000000e+00 0.000000000000000000e+00 -1.333333333328640125e+00 0.000000000000000000e+00 0.000000000000000000e+00 0.000000000000000000e+00 0.000000000000000000e+00 0.000000000000000000e+00 0.000000000000000000e+00 0.000000000000000000e+00 0.000000000000000000e+00 -1.333333333332799464e+00 0.000000000000000000e+00 0.000000000000000000e+00 -1.333333333335146476e+00 5.333333333328133641e+00
